40 40 40 40 40 40 40 40 40 40 40 40 40 40 40 40 40 40 40 40 40 40 40 40 40 40 10 10 10 10 10 10 10 10 10 10 10 10 10 10 10 10 10 10 10 10 10 10 10 10 10 10 10 10 10 10 10 10 10 10 10 10 10 10 10 10 10 10 10 10 10 10 10 10 10 10 10 10 10 10 10 10 10 10 10 10 10 10 10 10 10 10 10 10 10 10 40 15 15 15 15 40 15
40 40 40 40 40 40 40 40 40 40 40 40 40 40 40 40 40 40 40 40 40 40 40 40 40 40 40 10 10 10 10 10 10 10 10 10 10 10 10 10 10 10 10 10 10 10 10 10 10 10 10 10 10 10 10 10 10 10 10 10 10 10 10 10 10 10 10 10 10 10 10 10 10 10 10 10 10 10 10 10 10 10 10 10 10 10 10 10 10 10 10 10 10 10 10 10 10 10 10 40 15 15 15
40 40 40 40 40 40 43 43 43 43 43 43 43 43 40 40 40 40 40 40 40 40 40 40 40 40 10 10 10 10 10 10 10 10 10 10 10 10 10 10 10 10 10 10 10 10 10 10 10 10 10 10 10 10 10 10 10 10 10 10 10 10 10 10 10 10 10 10 10 10 10 10 10 10 10 10 10 10 10 10 10 10 10 10 10 10 10 10 10 10 10 10 10 10 10 10 10 40 15 15 15 15 40
40 40 40 40 40 40 43 43 43 43 43 43 43 43 40 40 40 40 40 40 40 40 40 40 40 40 10 10 10 10 10 10 10 10 10 10 10 10 10 10 10 10 10 10 10 10 10 10 10 10 10 10 10 10 10 10 10 10 10 10 10 10 10 10 10 10 10 10 10 10 10 10 10 10 10 10 10 10 10 10 10 10 10 10 10 10 10 10 10 10 10 10 10 10 10 10 10 40 15 15 15 15 40
40 40 40 40 40 40 43 43 43 43 43 43 43 43 40 40 40 40 40 40 40 40 40 40 40 40 10 10 10 10 10 10 10 10 10 10 10 10 10 10 10 10 10 10 10 10 10 10 10 10 10 10 10 10 10 10 10 10 10 10 10 10 10 10 10 10 10 10 10 10 10 10 10 10 10 10 10 10 10 10 10 10 10 10 10 10 10 10 10 10 10 10 10 10 10 10 10 40 15 15 15 15 40
40 40 40 40 40 40 43 43 43 43 43 43 43 43 40 40 40 40 40 40 40 40 40 40 40 40 10 10 10 10 10 10 10 10 10 10 10 10 10 10 10 10 10 10 10 10 10 10 10 10 10 10 10 10 10 10 10 10 10 10 10 10 10 10 10 10 10 10 10 10 10 10 10 10 10 10 10 10 10 10 10 10 10 10 10 10 10 10 10 10 10 10 10 10 10 10 10 40 15 15 15 15 40
40 40 40 40 40 40 43 43 43 43 43 43 43 43 40 40 40 40 40 40 40 40 40 40 40 40 10 10 10 10 10 10 10 10 10 10 10 10 10 10 10 10 10 10 10 10 10 10 10 10 10 10 10 10 10 10 10 10 10 10 10 10 10 10 10 10 10 10 10 10 10 10 10 10 10 10 10 10 10 10 10 10 10 10 10 10 10 10 10 10 10 10 10 10 10 10 10 40 15 15 15 15 40
40 40 40 40 40 40 43 43 43 43 43 43 43 43 40 40 40 40 40 40 40 40 40 40 40 40 10 10 10 10 10 10 10 10 10 10 10 10 10 10 10 10 10 10 10 10 10 10 10 10 10 10 10 10 10 10 10 10 10 10 10 10 10 10 10 10 10 10 10 10 10 10 10 10 10 10 10 10 10 10 10 10 10 10 10 10 10 10 10 10 10 10 10 10 10 10 10 40 15 15 15 15 40
40 40 40 40 40 40 43 43 43 43 43 43 43 43 40 40 40 40 40 40 40 40 40 40 40 40 10 10 10 10 10 10 10 10 10 10 10 10 10 10 10 10 10 10 10 10 10 10 10 10 10 10 10 10 10 10 10 10 10 10 10 10 10 10 10 10 10 10 10 10 10 10 10 10 10 10 10 10 10 10 10 10 10 10 10 10 10 10 10 10 10 10 10 10 10 10 10 10 10 10 10 10 40
40 40 40 40 40 40 43 43 43 43 43 43 43 43 40 40 40 40 40 40 40 40 40 40 40 40 10 10 10 10 10 10 10 10 10 10 10 10 10 10 10 10 10 10 10 10 10 10 10 10 10 10 10 10 10 10 10 10 10 10 10 10 10 10 10 10 10 10 10 10 10 10 10 10 10 10 10 10 10 10 10 10 10 10 10 10 10 10 10 10 10 10 10 10 10 10 10 40 15 15 15 15 40
40 40 40 40 40 40 43 43 43 43 43 43 43 43 40 40 40 40 40 40 40 40 40 40 40 40 10 10 10 10 10 10 10 10 10 10 10 10 10 10 10 10 10 10 10 10 10 10 10 10 10 10 10 10 10 10 10 10 10 10 10 10 10 10 10 10 10 10 10 10 10 10 10 10 10 10 10 10 10 10 10 10 10 10 10 10 10 10 10 10 10 10 10 10 10 10 10 40 15 15 15 15 40
40 40 40 40 40 40 43 43 43 43 43 43 43 43 40 40 40 40 40 40 40 40 40 40 40 40 10 10 10 10 10 10 10 10 10 10 10 10 10 10 10 10 10 10 10 10 10 10 10 10 10 10 10 10 10 10 10 10 10 10 10 10 10 10 10 10 10 10 10 10 10 10 10 10 10 10 10 10 10 10 10 10 10 10 10 10 10 10 10 10 10 10 10 10 10 10 10 40 15 15 15 15 40
40 40 40 40 40 40 43 43 43 43 43 43 43 43 40 40 40 40 40 40 40 40 40 40 40 40 10 10 10 10 10 10 10 10 10 10 10 10 10 10 10 10 10 10 10 10 10 10 10 10 10 10 10 10 10 10 10 10 10 10 10 10 10 10 10 10 10 10 10 10 10 10 10 10 10 10 10 10 10 10 10 10 10 10 10 10 10 10 10 10 10 10 10 10 10 10 10 40 15 15 15 15 40
40 40 40 40 40 40 43 43 43 43 43 43 44 43 40 40 40 40 40 40 40 40 40 40 40 40 10 10 10 10 10 10 10 10 10 10 10 10 10 10 10 10 10 10 10 10 10 10 10 10 10 10 10 10 10 10 10 10 10 10 10 10 10 10 10 10 10 10 10 10 10 10 10 10 10 10 10 10 10 10 10 10 10 10 10 10 10 10 10 10 10 10 10 10 10 10 10 40 15 15 15 15 40
40 40 40 40 40 40 43 43 43 43 43 43 43 43 40 40 40 40 40 40 40 40 40 40 40 40 12 12 12 12 12 12 12 12 12 12 12 12 12 12 12 12 12 12 12 10 12 12 12 12 12 12 12 12 12 12 12 12 12 12 12 12 12 12 12 12 12 12 12 12 12 12 12 12 12 12 12 12 12 12 12 12 12 12 12 12 12 12 10 10 10 10 10 10 10 10 10 40 15 15 15 15 40
40 40 40 40 40 40 43 43 43 43 43 43 43 43 40 40 40 40 40 40 40 40 40 40 40 40 10 10 10 10 10 10 10 10 10 10 10 10 10 10 10 10 10 10 10 10 10 10 10 10 10 10 10 10 10 10 10 10 10 10 10 10 10 10 10 10 10 10 10 10 10 10 10 10 10 10 10 10 10 10 10 10 10 10 10 10 10 10 10 10 10 10 10 10 10 10 10 40 15 15 15 15 40
40 40 40 40 40 40 43 43 43 43 43 43 43 43 40 40 40 40 40 40 40 40 40 40 40 40 12 12 12 12 12 12 12 12 12 12 12 12 12 10 12 12 12 12 12 12 12 12 12 12 12 12 12 12 12 12 12 12 12 12 12 12 12 12 12 12 12 12 12 12 12 12 12 12 12 12 12 12 12 12 12 12 12 12 12 12 12 12 10 10 10 10 10 10 10 10 10 40 15 15 15 15 40
40 40 40 40 40 40 43 43 43 43 43 43 43 43 40 40 40 40 40 40 40 40 40 40 40 40 10 10 10 10 10 10 10 10 10 10 10 10 10 10 10 10 10 10 10 10 10 10 10 10 10 10 10 10 10 10 10 10 10 10 10 10 10 10 10 10 10 10 10 10 10 10 10 10 10 10 10 10 10 10 10 10 10 10 10 10 10 10 10 10 10 10 10 10 10 10 10 40 15 15 15 15 40
40 40 40 40 40 40 43 43 43 43 43 43 43 43 40 40 40 40 40 40 40 40 40 40 40 40 12 12 12 12 12 12 12 12 12 12 12 12 12 10 12 12 12 12 12 12 12 12 12 12 12 12 12 12 12 12 12 12 12 12 12 12 12 12 12 12 12 12 12 12 12 12 12 12 12 12 12 12 12 12 12 12 12 12 12 12 12 12 10 10 10 10 10 10 10 10 10 40 15 15 15 15 40
40 40 40 40 40 40 43 43 43 43 43 43 43 43 40 40 40 40 40 40 40 40 40 40 40 40 10 10 10 10 10 10 10 10 10 10 10 10 10 10 10 10 10 10 10 10 10 10 10 10 10 10 10 10 10 10 10 10 10 10 10 10 10 10 10 10 10 10 10 10 10 10 10 10 10 10 10 10 10 10 10 10 10 10 10 10 10 10 10 10 10 10 10 10 10 10 10 40 15 15 15 15 40
40 40 40 40 40 40 40 40 40 40 40 40 40 40 40 40 40 40 40 40 40 40 40 40 40 40 40 40 10 10 10 10 10 10 10 10 10 10 10 10 10 10 10 10 10 10 10 10 10 10 10 10 10 10 10 10 10 10 10 10 10 10 10 10 10 10 10 10 10 10 10 10 10 10 10 10 10 10 10 10 10 10 10 10 10 10 10 10 10 10 10 10 10 10 10 10 10 10 10 40 15 15 15
40 40 40 40 40 40 40 40 40 40 40 40 40 40 40 40 40 40 40 40 40 40 40 40 40 40 10 10 10 10 41 10 41 41 41 41 41 41 41 41 41 41 41 41 41 41 41 41 41 41 10 10 10 10 10 10 10 10 10 10 10 10 10 10 10 10 10 10 10 10 26 26 26 26 26 30 30 30 30 30 10 10 10 10 10 10 10 10 10 10 10 10 10 10 10 10 10 40 15 15 15 15 40
40 40 40 40 40 40 40 40 40 40 40 40 40 40 40 40 40 40 40 40 40 40 40 40 40 40 10 10 10 10 41 41 41 41 41 41 41 41 41 41 41 41 41 41 41 41 41 41 41 41 10 10 10 10 10 10 10 10 10 10 10 10 10 10 10 10 10 10 10 10 26 26 26 26 26 30 30 30 30 30 10 10 10 10 10 10 10 10 10 10 10 10 10 10 10 10 10 40 15 15 15 15 40
40 40 40 40 40 40 40 40 40 40 40 40 40 40 40 40 40 40 40 40 40 40 40 40 40 40 10 10 10 10 41 41 41 41 41 41 41 41 41 41 41 41 41 41 41 41 41 41 41 41 10 10 10 10 10 10 10 10 10 10 10 10 10 10 10 10 10 10 10 10 26 26 26 26 26 30 30 30 30 30 10 10 10 10 10 10 10 10 10 10 10 10 10 10 10 10 10 40 15 15 15 15 40
40 40 40 40 40 40 40 40 40 40 40 40 40 40 40 40 40 40 40 40 40 40 40 40 40 40 10 10 10 10 41 41 41 41 41 41 41 41 41 41 41 41 41 41 41 41 41 41 41 41 10 10 10 10 10 10 10 10 10 10 10 10 10 10 10 10 10 10 10 10 26 26 26 26 26 30 30 30 30 30 10 10 10 10 10 10 10 10 10 10 10 10 10 10 10 10 10 40 15 15 15 15 40
40 40 40 40 40 40 40 40 40 40 40 40 40 40 40 40 40 40 40 40 40 40 40 40 40 40 10 10 10 10 41 41 41 41 41 41 41 41 41 41 41 41 41 41 41 41 41 41 41 41 10 10 10 10 10 10 10 10 10 10 10 10 10 10 10 10 10 10 10 10 26 26 26 26 26 30 30 30 30 30 10 10 10 10 10 10 10 10 10 10 10 10 10 10 10 10 10 40 15 15 15 15 40
40 15 15 15 15 40 40 40 40 40 40 40 40 40 40 40 40 40 40 40 40 40 40 40 40 40 10 10 10 10 41 41 41 41 41 41 41 41 41 41 41 41 41 41 41 41 41 41 41 41 10 10 10 10 10 10 10 10 10 10 10 10 10 10 10 10 10 10 10 10 26 26 26 26 26 30 30 30 30 30 10 10 10 10 10 10 10 10 10 10 10 10 10 10 10 10 10 40 15 15 15 15 40
40 15 15 15 15 40 41 41 41 41 26 26 26 26 26 30 30 30 30 30 10 10 10 10 10 10 10 10 10 10 41 41 41 41 41 41 41 41 41 41 41 41 41 41 41 41 41 41 41 41 10 10 10 10 10 10 10 10 10 10 10 10 10 10 10 10 10 10 10 10 26 26 26 26 26 30 30 30 30 30 10 10 10 10 10 10 10 10 10 10 10 10 10 10 10 10 10 40 15 15 15 15 40
40 15 15 15 15 40 41 41 41 41 26 26 26 26 26 30 30 30 30 30 10 10 10 10 10 10 10 10 10 10 41 41 41 41 41 41 41 41 41 41 41 41 41 41 41 41 41 41 41 41 10 10 10 10 10 10 10 10 10 10 10 10 10 10 10 10 10 10 10 10 26 26 26 26 26 30 30 30 30 30 10 10 10 10 10 10 10 10 10 10 10 10 10 10 10 10 10 40 15 15 15 15 40
40 15 15 15 15 40 41 41 41 41 26 26 26 26 26 10 10 10 10 10 10 10 10 10 10 10 10 10 10 10 41 41 41 41 41 41 41 41 41 41 41 41 41 41 41 41 41 41 41 41 10 10 10 10 10 10 10 10 10 10 10 10 10 10 10 10 10 10 10 10 10 10 10 10 10 10 10 10 10 10 10 10 10 10 10 10 10 10 10 10 10 10 10 10 10 10 10 40 15 15 15 15 40
40 15 15 15 15 40 41 41 41 41 26 26 26 26 26 10 10 10 10 10 10 10 10 10 10 10 10 10 10 10 41 41 41 41 41 41 41 41 41 41 41 41 41 41 41 41 41 41 41 41 10 10 10 10 10 10 10 10 10 10 10 10 10 10 10 10 10 10 10 10 10 10 10 10 10 10 10 10 10 10 10 10 10 10 10 10 10 10 10 10 10 10 10 10 10 10 10 40 15 15 15 15 40
40 15 15 15 15 40 41 41 41 41 26 26 26 26 26 10 10 10 10 10 10 10 10 10 10 10 10 10 10 10 41 41 41 41 41 41 41 41 10 10 41 10 10 10 10 10 10 10 10 10 10 10 10 10 10 10 10 10 10 10 10 10 10 10 10 10 10 10 10 10 10 10 10 10 10 10 10 10 10 10 10 10 10 10 10 10 10 10 10 10 10 10 10 10 10 10 10 40 15 15 15 15 40
40 15 15 15 15 40 41 41 41 41 26 26 26 26 26 10 10 10 10 10 10 10 10 10 10 10 10 10 10 10 41 41 41 41 41 41 41 41 10 10 41 10 10 10 10 10 10 10 10 10 10 10 10 10 10 10 10 10 10 10 10 10 10 10 10 10 10 10 10 10 10 10 10 10 10 10 10 10 10 10 10 10 10 10 10 10 10 10 10 10 10 10 10 10 10 10 10 40 15 15 15 15 40
40 15 15 15 15 40 41 41 41 41 26 26 26 26 26 10 10 10 10 10 10 10 10 10 10 10 10 10 10 10 41 41 41 41 41 41 41 41 10 10 41 10 10 10 10 10 10 10 10 10 10 10 10 10 10 10 10 10 10 10 10 10 10 10 10 10 10 10 10 10 10 10 10 10 10 10 10 10 10 10 10 10 10 10 10 10 10 10 10 10 10 10 10 10 10 10 10 40 15 15 15 15 40
40 15 15 15 15 40 41 41 41 41 26 26 26 26 26 10 10 10 10 10 10 10 10 10 10 10 10 10 10 10 41 41 41 41 41 41 41 41 10 10 41 10 41 41 41 41 41 41 41 41 10 10 10 10 10 10 10 10 10 10 10 10 10 10 10 10 10 10 10 10 10 10 10 10 10 10 10 10 10 10 10 10 10 10 10 10 10 10 10 10 10 10 10 10 10 10 10 40 15 15 15 15 40
40 15 15 15 15 40 41 41 41 41 26 26 26 26 26 10 10 10 10 10 10 10 10 10 10 10 10 10 10 10 10 10 10 10 10 10 10 10 10 10 41 10 41 41 41 41 41 41 41 41 10 10 10 10 10 10 10 10 10 10 10 10 10 10 10 10 10 10 10 10 10 10 10 10 10 10 10 10 10 10 10 10 10 10 10 10 10 10 10 10 10 10 10 10 10 10 10 40 15 15 15 15 40
40 15 15 15 15 40 41 41 41 41 26 26 26 26 26 10 10 10 10 10 10 10 10 10 10 10 10 10 10 10 10 10 10 10 10 10 10 10 10 10 41 10 41 41 41 41 41 41 41 41 10 10 10 10 10 10 10 10 10 10 10 10 10 10 10 10 10 10 10 10 10 10 10 10 10 10 10 10 10 10 10 10 10 10 10 10 10 10 10 10 10 10 10 10 10 10 10 40 15 15 15 15 40
40 15 15 15 15 40 41 41 41 41 26 26 26 26 26 10 10 10 10 10 10 10 10 10 10 10 10 10 10 10 10 10 10 10 10 10 10 10 10 10 10 10 10 10 10 10 10 10 10 10 10 10 10 10 10 10 10 10 10 10 10 10 10 10 10 10 10 10 10 10 10 10 10 10 10 10 10 10 10 10 10 10 10 10 10 10 10 10 10 10 10 10 10 10 10 10 10 40 15 15 15 15 40
40 15 15 15 15 40 41 41 41 26 26 26 26 26 26 26 26 26 26 26 26 26 26 26 26 26 26 26 26 26 10 10 10 10 10 10 10 10 10 10 41 10 10 10 10 10 10 10 10 10 10 10 10 10 10 10 10 10 10 10 10 10 10 10 10 10 10 10 10 10 10 10 10 10 10 10 10 10 10 10 10 10 10 10 10 10 10 10 10 10 10 10 10 10 10 10 10 40 15 15 15 15 40
40 15 15 15 15 40 41 41 41 26 42 26 26 26 26 26 26 26 26 26 26 26 26 26 26 26 26 26 26 26 41 41 41 41 41 41 41 41 10 10 41 10 10 10 10 10 10 10 10 10 10 10 10 10 10 10 10 10 10 10 10 10 10 10 10 10 10 10 10 10 10 10 10 10 10 10 10 10 10 10 10 10 10 10 10 10 10 10 10 10 10 10 10 10 10 10 10 40 15 15 15 15 40
40 15 15 15 15 40 41 41 41 26 26 41 41 10 10 10 10 10 10 10 26 26 26 26 26 26 26 26 26 26 41 41 41 41 41 41 41 41 10 10 41 10 10 10 10 10 10 10 10 10 10 10 10 10 10 10 10 10 10 10 10 10 10 10 10 10 10 10 10 10 10 10 10 10 10 10 10 10 10 10 10 10 10 10 10 10 10 10 10 10 10 10 10 10 10 10 10 40 15 15 15 15 40
40 15 15 15 15 40 41 41 41 26 26 10 10 10 41 41 41 41 41 41 26 26 26 26 26 26 26 26 26 26 41 41 41 41 41 41 41 41 10 10 41 41 41 41 41 41 41 41 41 41 10 10 10 10 10 10 10 10 10 10 10 10 10 10 10 10 10 10 10 10 10 10 10 10 10 10 10 10 10 10 10 10 10 10 10 10 10 10 10 10 10 10 10 10 10 10 10 40 15 15 15 15 40
40 15 15 15 15 40 41 41 41 26 41 41 41 10 41 41 41 41 41 41 26 26 26 26 26 26 26 26 26 26 41 41 41 10 10 10 10 10 10 10 41 41 41 41 41 41 41 41 41 41 10 10 10 10 10 10 10 10 10 10 10 10 10 10 10 10 10 10 10 10 26 26 26 26 26 30 30 30 30 30 10 10 10 10 10 10 10 10 10 10 10 10 10 10 10 10 10 40 15 15 15 15 40
40 15 15 15 15 40 41 41 41 26 41 41 41 10 41 41 41 41 41 41 26 26 26 26 26 26 26 26 26 26 41 41 41 41 41 41 41 41 41 41 41 41 41 41 41 41 41 41 41 41 10 10 10 10 10 10 10 10 10 10 10 10 10 10 10 10 10 10 10 10 26 26 26 26 26 30 30 30 30 30 10 10 10 10 10 10 10 10 10 10 10 10 10 10 10 10 10 40 15 15 15 15 40
40 15 15 15 15 40 41 41 41 26 41 41 41 10 41 41 41 41 41 41 26 26 26 26 26 26 26 26 26 26 41 41 41 41 41 41 41 41 41 41 41 41 41 41 41 41 41 41 41 41 10 10 10 10 10 10 10 10 10 10 10 10 10 10 10 10 10 10 10 10 26 26 26 26 26 30 30 30 30 30 10 10 10 10 10 10 10 10 10 10 10 10 10 10 10 10 10 40 15 15 15 15 40
40 15 15 15 15 40 41 41 41 26 41 41 41 10 10 10 10 41 41 41 26 26 26 26 26 26 26 26 26 26 41 41 41 41 41 41 41 41 41 41 41 41 41 41 41 41 41 41 41 41 10 10 10 10 10 10 10 10 10 10 10 10 10 10 10 10 10 10 10 10 26 26 26 26 26 30 30 30 30 30 10 10 10 10 10 10 10 10 10 10 10 10 10 10 10 10 10 40 15 15 15 15 40
40 15 15 15 15 40 41 41 41 26 41 41 41 41 41 41 10 41 41 41 26 26 26 26 26 26 26 26 26 26 41 41 41 41 41 41 41 41 10 10 10 10 10 41 41 41 41 41 41 41 10 10 10 10 10 10 10 10 10 10 10 10 10 10 10 10 10 10 10 10 10 10 10 10 10 10 10 10 10 10 10 10 10 10 10 10 10 10 10 10 10 10 10 10 10 10 10 40 15 15 15 15 40
40 15 15 15 15 40 41 41 41 26 41 41 41 41 41 41 10 10 41 41 26 26 26 26 26 26 26 26 26 26 41 41 41 41 41 41 41 41 10 10 10 10 10 41 41 41 41 41 41 41 10 10 10 10 10 10 10 10 10 10 10 10 10 10 10 10 10 10 10 10 10 10 10 10 10 10 10 10 10 10 10 10 10 10 10 10 10 10 10 10 10 10 10 10 10 10 10 40 15 15 15 15 40
40 15 15 15 15 40 41 41 41 26 41 41 41 41 41 41 41 10 10 41 26 26 26 26 26 26 26 26 26 26 10 10 10 10 10 10 10 10 10 10 10 10 10 10 10 10 10 10 10 10 10 10 10 10 10 10 10 10 10 10 10 10 10 10 10 10 10 10 10 10 10 10 10 10 10 10 10 10 10 10 10 10 10 10 10 10 10 10 10 10 10 10 10 10 10 10 10 40 15 15 15 15 40
40 15 15 15 15 40 41 41 41 26 41 41 41 41 41 41 41 41 10 10 26 26 26 26 26 26 26 26 26 26 41 41 41 41 41 41 41 41 41 41 41 41 41 41 41 41 41 41 41 41 10 10 10 10 10 10 10 10 10 10 10 10 10 10 10 10 10 10 10 10 26 26 26 26 26 30 30 30 30 30 10 10 10 10 10 10 10 10 10 10 10 10 10 10 10 10 10 40 15 15 15 15 40
40 15 15 15 15 40 41 41 41 26 41 41 41 41 41 41 41 41 10 41 26 26 26 26 26 26 26 26 26 26 41 41 41 41 41 41 41 41 41 41 41 41 41 41 41 41 41 41 41 41 10 10 10 10 10 10 10 10 10 10 10 10 10 10 10 10 10 10 10 10 26 26 26 26 26 30 30 30 30 30 10 10 10 10 10 10 10 10 10 10 10 10 10 10 10 10 10 40 15 15 15 15 40
40 15 15 15 15 40 41 41 41 26 41 41 41 41 41 41 41 41 10 41 26 26 26 26 26 26 26 26 26 26 41 41 41 41 41 41 41 41 41 41 41 41 41 41 41 41 41 41 41 41 10 10 10 10 10 10 10 10 10 10 10 10 10 10 10 10 10 10 10 10 26 26 26 26 26 30 30 30 30 30 10 10 10 10 10 10 10 10 10 10 10 10 10 10 10 10 10 40 15 15 15 15 40
40 15 15 15 15 40 41 41 41 26 41 41 41 41 41 41 41 10 10 41 26 26 26 26 26 26 26 26 26 26 41 41 41 41 41 41 41 41 41 41 41 41 41 41 41 41 41 41 41 41 10 10 10 10 10 10 10 10 10 10 10 10 10 10 10 10 10 10 10 10 26 26 26 26 26 30 30 30 30 30 10 10 10 10 10 10 10 10 10 10 10 10 10 10 10 10 10 40 15 15 15 15 40
40 15 15 15 15 40 41 41 41 26 41 41 10 10 10 10 10 10 41 41 26 26 26 26 26 26 26 26 26 26 41 41 41 41 41 41 41 41 41 41 41 41 41 41 41 41 41 41 41 10 10 10 10 10 10 10 10 10 10 10 10 10 10 10 10 10 10 10 10 26 26 26 26 26 30 30 30 30 30 10 10 10 10 10 10 10 10 10 10 10 10 10 10 10 10 10 10 40 15 15 15 15 40
40 15 15 15 15 40 41 41 41 26 41 10 10 41 41 41 41 41 41 41 26 26 26 26 26 26 26 26 26 26 41 41 41 41 41 41 41 41 41 41 41 41 41 41 41 41 41 41 41 41 10 10 10 10 10 10 10 10 10 10 10 10 10 10 10 10 10 10 10 10 26 26 26 26 26 30 30 30 30 30 10 10 10 10 10 10 10 10 10 10 10 10 10 10 10 10 10 40 15 15 15 15 40
40 15 15 15 15 40 41 41 41 26 10 10 41 41 41 41 41 41 41 41 26 26 26 26 26 26 26 26 26 26 41 41 41 41 41 41 41 41 41 41 41 41 41 41 41 41 41 41 41 41 10 10 10 10 10 10 10 10 10 10 10 10 10 10 10 10 10 10 10 10 26 26 26 26 26 30 30 30 30 30 10 10 10 10 10 10 10 10 10 10 10 10 10 10 10 10 10 40 15 15 15 15 40
40 15 15 15 15 40 41 41 41 26 10 41 10 10 41 41 41 41 41 41 26 26 26 26 26 26 26 26 26 26 41 41 41 41 41 41 41 41 41 41 41 41 41 41 41 41 41 41 41 41 10 10 10 10 10 10 10 10 10 10 10 10 10 10 10 10 10 10 10 10 26 26 26 26 26 30 30 30 30 30 10 10 10 10 10 10 10 10 10 10 10 10 10 10 10 10 10 40 15 15 15 15 40
40 15 15 15 15 40 41 41 41 26 10 41 10 10 10 41 41 41 41 41 26 26 26 26 26 26 26 26 26 26 41 41 41 41 41 41 41 41 41 41 41 41 41 41 41 41 41 41 41 41 10 10 10 10 10 10 10 10 10 10 10 10 10 10 10 10 10 10 10 10 26 26 26 26 26 30 30 30 30 30 10 10 10 10 10 10 10 10 10 10 10 10 10 10 10 10 10 40 15 15 15 15 40
40 15 15 15 15 40 41 41 41 26 10 10 10 41 10 10 41 41 41 41 26 26 26 26 26 26 26 26 26 26 41 41 41 41 41 41 41 41 41 41 41 41 41 41 41 41 41 41 41 41 10 10 10 10 10 10 10 10 10 10 10 10 10 10 10 10 10 10 10 10 26 26 26 26 26 30 30 30 30 30 10 10 10 10 10 10 10 10 10 10 10 10 10 10 10 10 10 40 15 15 15 15 40
40 15 15 15 15 40 41 41 41 26 10 41 41 41 41 10 10 41 41 41 26 26 26 26 26 26 26 26 26 26 41 41 41 41 41 41 41 41 41 41 41 41 41 41 41 41 41 41 41 41 10 10 10 10 10 10 10 10 10 10 10 10 10 10 10 10 10 10 10 10 26 26 26 26 26 30 30 30 30 30 10 10 10 10 10 10 10 10 10 10 10 10 10 10 10 10 10 40 15 15 15 15 40
40 15 15 15 15 40 41 41 41 26 10 41 41 41 41 41 10 10 41 41 26 26 26 26 26 26 26 26 26 26 41 41 41 41 41 41 41 41 41 41 41 41 41 41 41 41 41 41 41 41 10 10 10 10 10 10 10 10 10 10 10 10 10 10 10 10 10 10 10 10 26 26 26 26 26 30 30 30 30 30 10 10 10 10 10 10 10 10 10 10 10 10 10 10 10 10 10 40 15 15 15 15 40
40 15 15 15 15 40 41 41 41 26 10 41 41 41 41 41 41 10 10 41 26 26 26 26 26 26 26 26 26 26 41 41 41 41 41 41 41 41 41 41 41 41 41 41 41 41 41 41 41 41 10 10 10 10 10 10 10 10 10 10 10 10 10 10 10 10 10 10 10 10 26 26 26 26 26 30 30 30 30 30 10 10 10 10 10 10 10 10 10 10 10 10 10 10 10 10 10 40 15 15 15 15 40
40 15 15 15 15 40 41 41 41 26 10 41 41 41 41 10 10 10 10 10 26 26 26 26 26 26 26 26 26 26 41 41 41 41 41 41 41 41 41 41 41 41 41 41 41 41 41 41 41 41 10 10 10 10 10 10 10 10 10 10 10 10 10 10 10 10 10 10 10 10 26 26 26 26 26 30 30 30 30 30 10 10 10 10 10 10 10 10 10 10 10 10 10 10 10 10 10 40 15 15 15 15 40
40 15 15 15 15 40 41 41 41 26 10 41 41 41 41 10 41 41 41 10 26 26 26 26 26 26 26 26 26 26 41 41 41 41 41 41 41 41 41 41 41 41 41 41 41 41 41 41 41 41 10 10 10 10 10 10 10 10 10 10 10 10 10 10 10 10 10 10 10 10 26 26 26 26 26 30 30 30 30 30 10 10 10 10 10 10 10 10 10 10 10 10 10 10 10 10 10 40 15 15 15 15 40
40 15 15 15 15 40 41 41 41 26 41 41 41 41 41 10 41 41 41 41 26 26 26 26 26 26 26 26 26 26 41 41 41 41 41 41 41 41 41 41 41 41 41 41 41 41 41 41 41 41 10 10 10 10 10 10 10 10 10 10 10 10 10 10 10 10 10 10 10 10 26 26 26 26 26 30 30 30 30 30 10 10 10 10 10 10 10 10 10 10 10 10 10 10 10 10 10 40 15 15 15 15 40
40 15 15 15 15 40 41 41 41 26 41 41 41 41 41 10 41 41 41 41 26 26 26 26 26 26 26 26 26 26 41 41 41 41 41 41 41 41 41 41 41 41 41 41 41 41 41 41 41 41 10 10 10 10 10 10 10 10 10 10 10 10 10 10 10 10 10 10 10 10 26 26 26 26 26 30 30 30 30 30 10 10 10 10 10 10 10 10 10 10 10 10 10 10 10 10 10 40 15 15 15 15 40
40 15 15 15 15 40 41 41 41 26 10 10 10 10 10 10 41 41 41 41 26 26 26 26 26 26 26 26 26 26 41 41 41 41 41 41 41 41 41 41 41 41 41 41 41 41 41 41 41 41 10 10 10 10 10 10 10 10 10 10 10 10 10 10 10 10 10 10 10 10 26 26 26 26 26 30 30 30 30 30 10 10 10 10 10 10 10 10 10 10 10 10 10 10 10 10 10 40 15 15 15 15 40
40 15 15 15 15 40 41 41 41 26 41 41 41 10 10 41 41 41 41 41 26 26 26 26 26 26 26 26 26 26 41 41 41 41 41 41 41 41 41 41 41 41 41 41 41 41 41 41 41 10 10 10 10 10 10 10 10 10 10 10 10 10 10 10 10 10 10 10 10 26 26 26 26 26 30 30 30 30 30 10 10 10 10 10 10 10 10 10 10 10 10 10 10 10 10 10 10 40 15 15 15 15 40
40 15 15 15 15 40 41 41 41 26 41 41 41 41 10 41 41 41 41 41 26 26 26 26 26 26 26 26 26 26 41 41 41 41 41 41 41 41 41 41 41 41 41 41 41 41 41 41 41 41 10 10 10 10 10 10 10 10 10 10 10 10 10 10 10 10 10 10 10 10 26 26 26 26 26 30 30 30 30 30 10 10 10 10 10 10 10 10 10 10 10 10 10 10 10 10 10 40 15 15 15 15 40
40 15 15 15 15 40 41 41 41 26 41 41 41 41 10 10 41 41 41 41 26 26 26 26 26 26 26 26 26 26 41 41 41 41 41 41 41 41 41 41 41 41 41 41 41 41 41 41 41 41 10 10 10 10 10 10 10 10 10 10 10 10 10 10 10 10 10 10 10 10 26 26 26 26 26 30 30 30 30 30 10 10 10 10 10 10 10 10 10 10 10 10 10 10 10 10 10 40 15 15 15 15 40
40 15 15 15 15 40 41 41 41 26 41 41 41 41 41 10 41 41 41 41 26 26 26 26 26 26 26 26 26 26 41 41 41 41 41 41 41 41 41 41 41 41 41 41 41 41 41 41 41 41 10 10 10 10 10 10 10 10 10 10 10 10 10 10 10 10 10 10 10 10 26 26 26 26 26 30 30 30 30 30 10 10 10 10 10 10 10 10 10 10 10 10 10 10 10 10 10 40 15 15 15 15 40
40 15 15 15 15 40 41 41 41 26 41 41 41 41 41 10 10 41 41 41 26 26 26 26 26 26 26 26 26 26 41 41 41 41 41 41 41 41 41 41 41 41 41 41 41 41 41 41 41 41 10 10 10 10 10 10 10 10 10 10 10 10 10 10 10 10 10 10 10 10 26 26 26 26 26 30 30 30 30 30 10 10 10 10 10 10 10 10 10 10 10 10 10 10 10 10 10 40 15 15 15 15 40
40 15 15 15 15 40 41 41 41 26 41 41 41 41 41 41 10 41 41 41 26 26 26 26 26 26 26 26 26 26 41 41 41 41 41 41 41 41 41 41 41 41 41 41 41 41 41 41 41 41 10 10 10 10 10 10 10 10 10 10 10 10 10 10 10 10 10 10 10 10 26 26 26 26 26 30 30 30 30 30 10 10 10 10 10 10 10 10 10 10 10 10 10 10 10 10 10 40 15 15 15 15 40
40 15 15 15 15 40 41 41 41 26 41 41 41 41 41 41 10 41 41 41 26 26 26 26 26 26 26 26 26 26 41 41 41 41 41 41 41 41 41 41 41 41 41 41 41 41 41 41 41 41 10 10 10 10 10 10 10 10 10 10 10 10 10 10 10 10 10 10 10 10 26 26 26 26 26 30 30 30 30 30 10 10 10 10 10 10 10 10 10 10 10 10 10 10 10 10 10 40 15 15 15 15 40
40 15 15 15 15 40 41 41 41 26 41 41 41 41 41 41 10 10 10 41 26 26 26 26 26 26 26 26 26 26 41 41 41 41 41 41 41 41 41 41 41 41 41 41 41 41 41 41 41 41 10 10 10 10 10 10 10 10 10 10 10 10 10 10 10 10 10 10 10 10 26 26 26 26 26 30 30 30 30 30 10 10 10 10 10 10 10 10 10 10 10 10 10 10 10 10 10 40 15 15 15 15 40
40 15 15 15 15 40 41 41 41 26 41 41 41 41 41 41 41 41 10 41 26 26 26 26 26 26 26 26 26 26 41 41 41 41 41 41 41 41 41 41 41 41 41 41 41 41 41 41 41 41 10 10 10 10 10 10 10 10 10 10 10 10 10 10 10 10 10 10 10 10 26 26 26 26 26 30 30 30 30 30 10 10 10 10 10 10 10 10 10 10 10 10 10 10 10 10 10 40 15 15 15 15 40
40 15 15 15 15 40 41 41 41 26 41 41 41 41 41 41 41 41 10 10 26 26 26 26 26 26 26 26 26 26 41 41 41 41 41 41 41 41 41 41 41 41 41 41 41 41 41 41 41 41 10 10 10 10 10 10 10 10 10 10 10 10 10 10 10 10 10 10 10 10 26 26 26 26 26 30 30 30 30 30 10 10 10 10 10 10 10 10 10 10 10 10 10 10 10 10 10 40 15 15 15 15 40
40 15 15 15 15 40 41 41 41 26 41 41 41 41 41 41 41 41 41 10 26 26 26 26 26 26 26 26 26 26 10 10 10 10 10 10 10 10 10 10 10 10 10 10 10 10 10 10 10 10 10 10 10 10 10 10 10 10 10 10 10 10 10 10 10 10 10 10 10 10 10 10 10 10 10 10 10 10 10 10 10 10 10 10 10 10 10 10 10 10 10 10 10 10 10 10 10 40 15 15 15 15 40
40 15 15 15 15 40 41 41 41 26 26 26 26 26 26 26 26 26 26 26 26 26 26 26 26 26 26 26 26 26 10 10 10 10 10 10 10 10 10 10 10 10 10 10 10 10 10 10 10 10 10 10 10 10 10 10 10 10 10 10 10 10 10 10 10 10 10 10 10 10 10 10 10 10 10 10 10 10 10 10 10 10 10 10 10 10 10 10 10 10 10 10 10 10 10 10 10 40 15 15 15 15 40
40 15 15 15 15 40 41 41 41 10 10 10 10 10 10 10 10 10 10 10 26 26 26 26 26 26 26 26 26 26 10 10 10 10 10 10 10 10 10 10 10 10 10 10 10 10 10 10 10 10 10 10 10 10 10 10 10 10 10 10 10 10 10 10 10 10 10 10 10 10 10 10 10 10 10 10 10 10 10 10 10 10 10 10 10 10 10 10 10 10 10 10 10 10 10 10 10 40 15 15 15 15 40
40 15 15 15 15 40 41 10 10 10 10 40 40 40 23 23 23 40 40 40 26 26 26 26 26 26 26 26 26 26 10 10 40 40 40 40 40 40 40 40 40 40 40 40 40 40 40 40 40 40 40 40 40 40 40 40 40 40 40 40 23 23 23 23 23 23 40 40 40 40 40 40 40 40 40 40 40 40 40 40 40 40 40 40 40 40 40 40 40 40 40 40 40 40 40 40 10 40 15 15 15 15 40
40 15 15 15 15 40 41 10 10 10 10 40 15 15 15 15 15 15 15 40 26 26 26 26 26 26 26 26 26 26 10 10 40 15 15 15 15 15 15 15 15 15 15 15 15 15 15 15 15 15 15 15 15 15 15 15 15 15 15 15 15 15 15 15 15 15 15 15 15 15 15 15 15 15 15 15 15 15 15 15 15 15 15 15 15 15 15 15 15 15 15 15 15 15 15 40 10 40 15 15 15 15 40
40 15 15 15 15 40 41 10 10 10 10 40 15 15 15 15 15 15 15 40 26 26 26 26 26 26 26 26 26 26 10 10 40 40 40 40 40 40 40 40 40 40 40 40 40 40 40 40 40 40 40 40 40 40 40 40 40 40 40 40 40 40 40 40 40 40 40 40 40 40 40 40 40 40 40 40 40 40 40 40 40 40 40 40 40 40 40 40 40 40 40 40 40 40 40 40 10 40 15 15 15 15 40
40 15 15 15 15 40 41 10 10 10 10 40 40 40 40 40 40 40 40 40 26 26 26 26 26 26 26 26 26 26 10 10 10 10 10 10 10 10 10 10 10 10 10 10 10 10 10 10 10 10 10 10 10 10 10 10 10 10 10 10 10 10 10 10 10 10 10 10 10 10 10 10 10 10 10 10 10 10 10 10 10 10 10 10 10 10 10 10 10 10 10 10 10 10 10 10 10 40 15 15 15 15 40
40 15 15 15 15 40 41 10 10 10 10 10 10 10 10 10 10 10 10 10 26 26 26 26 26 26 26 26 26 26 10 10 10 10 10 10 10 10 10 10 10 10 10 10 10 10 10 10 10 10 10 10 10 10 10 10 10 10 10 10 10 10 10 10 10 10 10 10 10 10 10 10 10 10 10 10 10 10 10 10 10 10 10 10 10 10 10 10 10 10 10 10 10 10 10 10 10 40 15 15 15 15 40
40 15 15 15 15 40 40 40 40 40 40 40 40 40 40 40 40 40 40 40 26 26 26 26 26 26 26 26 26 26 40 40 40 40 40 40 40 40 40 40 40 40 40 40 40 40 40 40 40 40 40 40 40 40 40 40 40 40 40 40 40 40 40 40 40 40 40 40 40 40 40 40 40 40 40 40 40 40 40 40 40 40 40 40 40 40 40 40 40 40 40 40 40 40 40 40 40 40 15 15 15 15 40
40 15 15 15 15 15 15 15 15 15 15 15 15 15 15 15 15 15 15 40 40 40 26 26 26 26 26 26 26 40 40 15 15 15 15 15 15 15 15 15 15 15 15 15 15 15 15 15 15 15 15 15 15 15 15 15 15 15 15 15 15 15 15 15 15 15 15 15 15 15 15 15 15 15 15 15 15 15 15 15 15 15 15 15 15 15 15 15 15 15 15 15 15 15 15 15 15 15 15 15 15 15 40
40 15 15 15 15 15 15 15 15 15 15 15 15 15 15 15 15 15 15 15 15 15 26 26 26 26 26 26 26 15 15 15 15 15 15 15 15 15 15 15 15 15 15 15 15 15 15 15 15 15 15 15 15 15 15 15 15 15 15 15 15 15 15 15 15 15 15 15 15 15 15 15 15 15 15 15 15 15 15 15 15 15 15 15 15 15 15 15 15 15 15 15 15 15 15 15 15 15 15 15 15 15 40
40 15 15 15 15 15 15 15 15 15 15 15 15 15 15 15 15 15 15 15 15 15 26 26 26 26 26 26 26 15 15 15 15 15 15 15 15 15 15 15 15 15 15 15 15 15 15 15 15 15 15 15 15 15 15 15 15 15 15 15 15 15 15 15 15 15 15 15 15 15 15 15 15 15 15 15 15 15 15 15 15 15 15 15 15 15 15 15 15 15 15 15 15 15 15 15 15 15 15 15 15 15 40
40 15 15 15 15 15 15 15 15 15 15 15 15 15 15 15 15 15 15 15 15 15 26 26 26 26 26 26 26 15 15 15 15 15 15 15 15 15 15 15 15 15 15 15 15 15 15 15 15 15 15 15 15 15 15 15 15 15 15 15 15 15 15 15 15 15 15 15 15 15 15 15 15 15 15 15 15 15 15 15 15 15 15 15 15 15 15 15 15 15 15 15 15 15 15 15 15 15 15 15 15 15 40
40 15 15 15 15 15 15 15 15 15 15 15 15 15 15 15 15 15 15 15 15 15 26 26 26 26 26 26 26 15 15 15 15 15 15 15 15 15 15 15 15 15 15 15 15 15 15 15 15 15 15 15 15 15 15 15 15 15 15 15 15 15 15 15 15 15 15 15 15 15 15 15 15 15 15 15 15 15 15 15 15 15 15 15 15 15 15 15 15 15 15 15 15 15 15 15 15 15 15 15 15 15 40
40 15 15 15 15 15 15 15 15 15 15 15 15 15 15 15 15 15 15 15 15 15 26 26 26 26 26 26 26 15 15 15 15 15 15 15 15 15 15 15 15 15 15 15 15 15 15 15 15 15 15 15 15 15 15 15 15 15 15 15 15 15 15 15 15 15 15 15 15 15 15 15 15 15 15 15 15 15 15 15 15 15 15 15 15 15 15 15 15 15 15 15 15 15 15 15 15 15 15 15 15 15 40
40 15 15 15 15 15 15 15 15 15 15 15 15 15 15 15 15 15 15 15 15 15 26 26 26 26 26 26 26 15 15 15 15 15 15 15 15 15 15 15 15 15 15 15 15 15 15 15 15 15 15 15 15 15 15 15 15 15 15 15 15 15 15 15 15 15 15 15 15 15 15 15 15 15 15 15 15 15 15 15 15 15 15 15 15 15 15 15 15 15 15 15 15 15 15 15 15 15 15 15 15 15 40
40 15 15 15 15 15 15 15 15 15 15 15 15 15 15 15 15 15 15 15 15 15 26 26 26 26 26 26 26 15 15 15 15 15 15 15 15 15 15 15 15 15 15 15 15 15 15 15 15 15 15 15 15 15 15 15 15 15 15 15 15 15 15 15 15 15 15 15 15 15 15 15 15 15 15 15 15 15 15 15 15 15 15 15 15 15 15 15 15 15 15 15 15 15 15 15 15 15 15 15 15 15 40
40 15 15 15 15 15 15 15 15 15 15 15 15 15 15 15 15 15 15 15 15 15 26 26 26 26 26 26 26 15 15 15 15 15 15 15 15 15 15 15 15 15 15 15 15 15 15 15 15 15 15 15 15 15 15 15 15 15 15 15 15 15 15 15 15 15 15 15 15 15 15 15 15 15 15 15 15 15 15 15 15 15 15 15 15 15 15 15 15 15 15 15 15 15 15 15 15 15 15 15 15 15 40
40 15 15 15 15 15 15 15 15 15 15 15 15 15 15 15 15 15 15 15 15 15 26 26 26 26 26 26 26 15 15 15 15 15 15 15 15 15 15 15 15 15 15 15 15 15 15 15 15 15 15 15 15 15 15 15 15 15 15 15 15 15 15 15 15 15 15 15 15 15 15 15 15 15 15 15 15 15 15 15 15 15 15 15 15 15 15 15 15 15 15 15 15 15 15 15 15 15 15 15 15 15 40
40 15 15 15 15 15 15 15 15 15 15 15 15 15 15 15 15 15 15 15 15 15 26 26 26 26 26 26 26 15 15 15 15 15 15 15 15 15 15 15 15 15 15 15 15 15 15 15 15 15 15 15 15 15 15 15 15 15 15 15 15 15 15 15 15 15 15 15 15 15 15 15 15 15 15 15 15 15 15 15 15 15 15 15 15 15 15 15 15 15 15 15 15 15 15 15 15 15 15 15 15 15 40
40 15 15 15 15 15 15 15 15 15 15 15 15 15 15 15 15 15 15 15 15 15 26 26 26 26 26 26 26 15 15 15 15 15 15 15 15 15 15 15 15 15 15 15 15 15 15 15 15 15 15 15 15 15 15 15 15 15 15 15 15 15 15 15 15 15 15 15 15 15 15 15 15 15 15 15 15 15 15 15 15 15 15 15 15 15 15 15 15 15 15 15 15 15 15 15 15 15 15 15 15 15 40
40 15 15 15 15 15 15 15 15 15 15 15 15 15 15 15 15 15 15 15 15 15 26 26 26 26 26 26 26 15 15 15 15 15 15 15 15 15 15 15 15 15 15 15 15 15 15 15 15 15 15 15 15 15 15 15 15 15 15 15 15 15 15 15 15 15 15 15 15 15 15 15 15 15 15 15 15 15 15 15 15 15 15 15 15 15 15 15 15 15 15 15 15 15 15 15 15 15 15 15 15 15 40
40 40 40 40 40 40 40 40 40 40 40 40 40 40 40 40 40 40 40 40 40 40 26 26 26 26 26 26 26 40 40 40 40 40 40 40 40 40 40 40 40 40 40 40 40 40 40 40 40 40 40 40 40 40 40 40 40 40 40 40 40 40 40 40 40 40 40 40 40 40 40 40 40 40 40 40 40 40 40 40 40 40 40 40 40 40 40 40 40 40 40 40 40 40 40 40 40 40 40 40 40 40 40