40 40 40 40 40 40 40 40 40 40 40 40 40 40 40 40 40 40 40 40 40 40 40 40 40 40 40 40 40 40 40 40 40 40 40 40 40 40 40 40 40 40 40 40 40 40 40 40 40 40 40 40 40 40 40 40 40 40 40 40 40 40 40 40 40 40 40 40 40 40 40 40 40 40 40 40 40 40 40 40 40 40 40 40 40 40 40 40 40 40 40 40 40 40 40 40 40 40 40 40 40 40 40
40 15 15 15 15 15 15 15 15 15 15 15 15 40 13 13 10 10 10 10 10 10 10 10 10 10 10 10 10 10 10 10 10 10 10 10 10 10 10 10 10 40 40 14 14 14 14 14 14 14 14 14 14 14 14 14 14 14 14 14 14 14 14 14 40 15 15 15 15 15 15 15 15 15 15 15 15 15 15 15 15 15 15 15 15 15 15 15 15 15 15 15 15 15 15 15 15 15 15 15 15 15 40
40 15 15 15 15 15 15 15 15 15 15 15 15 40 42 13 13 13 13 12 12 13 13 13 10 10 10 10 10 10 10 10 10 10 10 10 10 10 10 10 10 10 10 10 10 10 10 10 10 10 10 10 10 10 10 10 10 10 10 10 10 10 10 14 40 15 15 15 15 15 15 15 15 15 15 15 15 15 15 15 15 15 15 15 15 15 15 15 15 15 15 15 15 15 15 15 15 15 15 15 15 15 40
40 15 15 15 15 15 15 15 15 15 15 15 15 40 40 40 40 40 40 40 40 40 12 13 12 13 12 13 10 10 10 10 10 10 40 40 40 40 40 40 40 40 40 40 14 14 14 10 14 14 14 14 14 14 14 14 14 10 14 14 10 14 14 14 40 15 15 15 15 15 15 15 15 15 15 15 15 15 15 15 15 15 15 15 15 15 15 15 15 15 15 15 15 15 15 15 15 15 15 15 15 15 40
40 15 15 15 15 15 15 15 15 15 15 15 15 15 15 15 15 15 15 15 15 40 13 13 13 13 13 13 10 10 10 10 10 10 40 15 15 15 15 15 15 15 15 40 14 14 14 10 10 10 10 14 14 14 14 14 14 10 14 14 10 10 14 14 40 15 15 15 15 15 15 15 15 15 15 15 15 15 15 15 15 15 15 15 15 15 15 15 15 15 15 15 15 15 15 15 15 15 15 15 15 15 40
40 15 15 15 15 15 15 15 15 15 15 15 15 15 15 15 15 15 15 15 15 40 40 40 40 40 40 40 10 10 10 10 10 10 40 15 15 15 15 15 15 15 15 40 14 14 14 14 14 14 10 14 14 14 14 14 14 10 14 14 14 10 14 14 40 15 15 15 15 15 15 15 15 15 15 15 15 15 15 15 15 15 15 15 15 15 15 15 15 15 15 15 15 15 15 15 15 15 15 15 15 15 40
40 15 15 15 15 15 15 15 15 15 15 15 15 15 15 15 15 15 15 15 15 15 15 15 15 15 15 40 10 10 10 10 10 10 40 15 15 15 15 15 15 15 15 40 14 14 14 14 14 14 10 14 14 14 14 10 10 10 14 14 14 10 14 14 40 15 15 15 15 15 15 15 15 15 15 15 15 15 15 15 15 15 15 15 15 15 15 15 15 15 15 15 15 15 15 15 15 15 15 15 15 15 40
40 15 15 15 15 15 15 15 15 15 15 15 15 15 15 15 15 15 15 15 15 15 15 15 15 15 15 40 10 10 10 10 10 10 40 15 15 15 15 15 15 15 15 40 14 14 14 10 10 10 10 14 14 14 14 10 14 14 14 14 14 10 10 14 40 15 15 15 15 15 15 15 15 15 15 15 15 15 15 15 15 15 15 15 15 15 15 15 15 15 15 15 15 15 15 15 15 15 15 15 15 15 40
40 15 15 15 15 15 15 15 15 15 15 15 15 15 15 15 15 15 15 15 15 15 15 15 15 15 15 40 10 10 10 10 10 10 40 15 15 15 15 15 15 15 15 40 14 14 14 10 14 14 14 14 14 10 10 10 14 14 14 14 14 14 10 14 40 15 15 15 15 15 15 15 15 15 15 15 15 15 15 15 15 15 15 15 15 15 15 15 15 15 15 15 15 15 15 15 15 15 15 15 15 15 40
40 15 15 15 15 15 15 15 15 15 15 15 15 15 15 15 15 15 15 15 15 15 15 15 15 15 15 40 10 10 10 10 10 10 40 15 15 15 15 15 15 15 15 40 14 14 14 10 10 10 10 14 10 10 14 14 14 14 14 14 14 14 10 10 40 40 40 40 40 40 40 40 40 40 40 40 40 40 40 40 40 40 40 40 40 40 40 40 40 40 40 40 40 40 40 40 40 40 15 15 15 15 40
40 15 15 15 15 15 15 15 15 15 15 15 15 15 15 15 15 15 15 15 15 15 15 15 15 15 15 40 10 10 10 10 10 10 40 15 15 15 15 15 15 15 15 40 14 14 14 14 14 14 10 10 10 14 14 14 14 14 14 14 14 14 14 10 10 10 10 10 10 10 10 10 10 10 10 10 10 10 10 10 10 10 10 10 10 10 10 10 10 10 10 10 10 10 10 10 10 40 15 15 15 15 40
40 15 15 15 15 40 40 40 40 40 40 40 40 40 40 40 40 40 40 40 40 40 40 40 40 40 40 40 10 10 10 10 10 10 40 40 40 40 40 40 40 40 40 40 40 40 40 40 40 40 40 40 40 40 40 40 40 40 40 40 40 40 40 40 40 40 40 40 40 40 40 40 40 40 40 40 40 40 40 40 40 40 40 40 40 40 40 40 40 40 40 40 40 40 40 40 40 40 15 15 15 15 40
40 15 15 15 15 40 41 12 12 41 41 41 12 12 41 12 12 12 10 12 12 12 12 12 13 12 12 10 10 10 10 10 10 10 12 12 12 12 13 12 12 12 12 10 10 10 12 12 12 13 12 12 12 12 13 12 12 12 12 12 12 12 12 12 12 13 12 12 12 12 12 12 12 13 12 12 12 12 12 12 12 12 13 12 12 12 12 12 10 10 10 10 10 10 10 10 10 40 15 15 15 15 40
40 15 15 15 15 40 41 12 12 12 12 41 12 41 41 41 12 13 13 13 10 13 10 10 13 13 13 10 10 10 10 10 10 10 10 13 13 13 10 10 10 10 10 10 10 10 10 10 10 10 10 10 10 10 10 10 10 10 10 10 10 10 10 10 10 13 10 10 10 10 12 12 10 10 10 10 10 10 10 10 10 10 10 10 10 10 10 10 10 10 10 10 10 10 10 10 10 40 15 15 15 15 40
40 15 15 15 15 40 41 12 12 41 41 41 41 12 41 12 13 12 12 12 12 12 10 12 12 12 12 12 12 12 12 12 10 12 12 12 12 12 12 10 12 12 12 13 12 10 12 12 12 12 12 12 12 12 12 13 12 12 12 12 12 12 12 12 10 12 12 13 12 12 12 12 12 12 12 12 12 12 13 12 12 12 12 12 12 12 12 12 10 10 10 10 10 10 10 10 10 40 15 15 15 15 40
40 15 15 15 15 40 41 41 41 41 41 41 41 12 41 13 13 13 13 10 10 10 10 10 10 10 10 10 10 10 13 10 10 10 10 10 10 10 10 10 10 10 13 10 10 10 10 13 13 12 13 13 13 12 13 13 13 13 13 12 13 13 13 10 10 10 10 13 10 10 10 10 10 10 10 10 10 10 10 10 13 10 10 13 10 10 10 10 10 10 10 10 10 10 10 10 10 40 15 15 15 15 40
40 15 15 15 15 40 41 41 12 41 12 41 12 12 12 12 12 12 12 10 10 12 12 12 13 12 12 12 12 12 12 12 13 12 12 12 12 12 12 10 12 12 12 12 12 10 12 12 12 12 12 12 12 12 12 12 12 12 12 12 12 12 12 12 12 12 10 12 12 12 12 12 12 12 12 12 12 10 12 12 12 12 12 12 12 12 12 12 10 10 10 10 10 10 10 10 10 40 15 15 15 15 40
40 15 15 15 15 40 41 41 41 41 41 41 12 12 10 10 10 10 10 10 10 10 10 10 10 10 10 10 10 10 12 12 13 13 13 10 10 10 10 10 10 10 10 10 10 10 10 10 10 10 10 10 10 10 10 10 10 10 10 10 10 10 10 10 10 10 10 10 10 10 10 10 10 10 13 10 10 10 13 10 10 10 10 10 10 10 10 10 10 10 10 10 10 10 10 10 10 40 15 15 15 15 40
40 15 15 15 15 40 41 12 12 41 42 12 12 10 10 12 12 12 12 12 12 12 13 12 12 12 12 12 12 12 12 12 12 12 12 10 12 12 12 10 12 12 12 12 12 13 12 12 12 12 12 12 10 12 12 12 12 12 12 13 12 12 12 12 12 12 12 12 12 10 12 12 12 12 12 12 12 12 12 12 12 12 12 12 12 12 13 12 10 10 10 10 10 10 10 10 10 40 15 15 15 15 40
40 15 15 15 15 40 41 41 41 41 26 12 10 10 10 10 10 10 10 10 10 10 10 11 10 10 10 10 10 10 10 10 10 10 10 10 10 10 10 10 10 10 10 10 10 10 10 10 10 10 10 10 10 12 10 12 10 12 10 10 10 10 12 10 12 12 10 10 12 10 12 10 10 12 10 10 10 10 10 10 10 10 10 10 10 10 10 10 10 10 10 10 10 10 10 10 10 40 15 15 15 15 40
40 15 15 15 15 40 41 41 41 41 26 12 12 12 12 10 10 10 10 10 10 10 10 10 10 10 10 10 10 10 10 10 10 10 10 10 10 10 10 10 10 10 10 10 10 10 10 10 10 12 10 12 10 10 10 10 12 10 10 10 12 12 10 12 10 10 12 12 12 10 10 10 10 12 10 10 10 10 10 10 10 10 10 10 10 10 10 10 10 10 10 10 10 10 10 10 10 40 15 15 15 15 40
40 15 15 15 15 40 41 41 41 41 26 26 26 26 26 30 30 30 30 30 10 10 10 10 10 10 10 10 10 10 41 10 41 41 41 41 41 41 41 41 41 41 41 41 41 41 41 41 41 41 12 10 10 12 10 10 10 12 10 10 10 10 12 12 12 10 10 10 12 10 12 10 12 12 26 30 30 30 30 30 10 10 10 10 10 10 10 10 10 10 10 10 10 10 10 10 10 40 15 15 15 15 40
40 15 15 15 15 40 41 41 41 41 26 26 26 26 26 30 30 30 30 30 10 10 10 10 10 10 10 10 10 10 41 41 41 41 41 41 41 41 41 41 41 41 41 41 41 41 41 41 41 41 10 12 10 10 12 10 10 10 12 10 10 12 10 10 10 12 10 10 12 10 12 10 12 12 26 30 30 30 30 30 10 10 10 10 10 10 10 10 10 10 10 10 10 10 10 10 10 40 15 15 15 15 40
40 15 15 15 15 40 41 41 41 41 26 26 26 26 26 30 30 30 30 30 10 10 10 10 10 10 10 10 10 10 41 41 41 41 41 41 41 41 41 41 41 41 41 41 41 41 41 41 41 41 10 41 12 10 10 12 10 10 10 12 10 10 12 10 10 10 12 10 12 10 12 10 10 13 26 30 30 30 30 30 10 10 10 10 10 10 10 10 10 10 10 10 10 10 10 10 10 40 15 15 15 15 40
40 15 15 15 15 40 41 41 41 41 26 26 26 26 26 30 30 30 30 30 10 10 10 10 10 10 10 10 10 10 41 41 41 41 41 41 41 41 41 41 41 41 41 41 41 41 41 41 41 41 10 10 41 12 10 10 12 10 12 10 10 10 10 12 10 12 10 12 10 12 12 12 42 13 26 30 30 30 30 30 10 10 10 10 10 10 10 10 10 10 10 10 10 10 10 10 10 40 15 15 15 15 40
40 15 15 15 15 40 41 41 41 41 26 26 26 26 26 30 30 30 30 30 10 10 10 10 10 10 10 10 10 10 41 41 41 41 41 41 41 41 41 41 41 41 41 41 41 41 41 41 41 41 10 10 10 41 12 10 10 12 10 10 10 10 10 10 12 10 10 10 10 10 12 12 26 13 26 30 30 30 30 30 10 10 10 10 10 10 10 10 10 10 10 10 10 10 10 10 10 40 15 15 15 15 40
40 15 15 15 15 40 41 41 41 41 26 26 26 26 26 30 30 30 30 30 10 10 10 10 10 10 10 10 10 10 41 41 41 41 41 41 41 41 41 41 41 41 41 41 41 41 41 41 41 41 10 10 10 10 10 10 10 10 10 10 10 10 10 10 10 10 10 10 10 10 26 26 26 26 26 30 30 30 30 30 10 10 10 10 10 10 10 10 10 10 10 10 10 10 10 10 10 40 15 15 15 15 40
40 15 15 15 15 40 41 41 41 41 26 26 26 26 26 30 30 30 30 30 10 10 10 10 10 10 10 10 10 10 41 41 41 41 41 41 41 41 41 41 41 41 41 41 41 41 41 41 41 41 10 10 10 10 10 10 10 10 10 10 10 10 10 10 10 10 10 10 10 10 26 26 26 26 26 30 30 30 30 30 10 10 10 10 10 10 10 10 10 10 10 10 10 10 10 10 10 40 15 15 15 15 40
40 15 15 15 15 40 41 41 41 41 26 26 26 26 26 30 30 30 30 30 10 10 10 10 10 10 10 10 10 10 41 41 41 41 41 41 41 41 41 41 41 41 41 41 41 41 41 41 41 41 10 10 10 10 10 10 10 10 10 10 10 10 10 10 10 10 10 10 10 26 26 26 26 26 26 30 30 30 30 30 10 10 10 10 10 10 10 10 10 10 10 10 10 10 10 10 10 40 15 15 15 15 40
40 15 15 15 15 40 41 41 41 41 26 26 26 26 26 10 10 10 10 10 10 10 10 10 10 10 10 10 10 10 41 41 41 41 41 41 41 41 41 41 41 41 41 41 41 41 41 41 41 41 10 10 10 10 10 10 10 10 10 10 10 10 10 10 10 10 10 10 10 26 10 10 10 10 10 10 10 10 10 10 10 10 10 10 10 10 10 10 10 10 10 10 10 10 10 10 10 40 15 15 15 15 40
40 15 15 15 15 40 41 41 41 41 26 26 26 26 26 10 10 10 10 10 10 10 10 10 10 10 10 10 10 10 41 41 41 41 41 41 41 41 41 41 41 41 41 41 41 41 41 41 41 41 10 10 10 10 10 10 10 10 10 10 10 10 10 10 10 10 10 10 10 26 10 10 10 10 10 10 10 10 10 10 10 10 10 10 10 10 10 10 10 10 10 10 10 10 10 10 10 40 15 15 15 15 40
40 15 15 15 15 40 41 41 41 41 26 26 26 26 26 10 10 10 10 10 10 10 10 10 10 10 10 10 10 10 41 41 41 41 41 41 41 41 10 10 41 10 10 10 10 10 10 10 10 10 10 10 10 10 10 10 10 10 10 10 10 10 10 10 10 10 10 10 10 26 10 10 10 10 10 10 10 10 10 10 10 10 10 10 10 10 10 10 10 10 10 10 10 10 10 10 10 40 15 15 15 15 40
40 15 15 15 15 40 41 41 41 41 26 26 26 26 26 10 10 10 10 10 10 10 10 10 10 10 10 10 10 10 41 41 41 41 41 41 41 41 10 10 41 10 10 10 10 10 10 10 10 10 10 10 10 10 10 10 10 10 10 10 10 10 10 10 10 10 10 10 10 26 10 10 10 10 10 10 10 10 10 10 10 10 10 10 10 10 10 10 10 10 10 10 10 10 10 10 10 40 15 15 15 15 40
40 15 15 15 15 40 41 41 41 41 26 26 26 26 26 26 10 10 10 10 10 10 10 10 10 10 10 10 10 10 41 41 41 41 41 41 41 41 10 10 41 10 10 10 10 10 10 10 10 10 10 10 10 10 10 10 10 10 10 10 10 10 10 10 10 10 10 10 10 26 10 10 10 10 10 10 10 10 10 10 10 10 10 10 10 10 10 10 10 10 10 10 10 10 10 10 10 40 15 15 15 15 40
40 15 15 15 15 40 41 41 41 41 26 41 41 41 41 26 41 41 41 41 10 10 10 10 10 10 10 10 10 10 41 41 41 41 41 41 41 41 10 10 41 10 41 41 41 41 41 41 41 41 10 10 10 10 10 10 10 10 10 41 41 41 41 10 41 41 41 41 10 26 10 10 10 10 10 10 10 10 10 10 10 10 10 10 10 10 10 10 10 10 10 10 10 10 10 10 10 40 15 15 15 15 40
40 15 15 15 15 40 41 41 41 41 26 41 41 41 41 26 41 41 41 41 10 10 10 10 10 10 10 10 10 10 10 10 10 10 10 10 10 10 10 10 41 10 41 41 41 41 41 41 41 41 10 10 10 10 10 10 10 10 10 41 41 10 10 10 10 10 41 41 41 26 10 10 10 10 10 10 10 10 10 10 10 41 10 10 10 10 10 10 10 10 10 10 10 10 10 10 10 40 15 15 15 15 40
40 15 15 15 15 40 41 41 41 41 26 41 41 41 41 26 26 26 26 26 26 26 26 10 10 10 10 10 10 10 10 10 10 10 10 10 10 10 10 10 41 10 41 41 41 41 41 41 41 41 10 10 10 10 10 10 10 10 10 41 41 41 41 26 41 41 41 41 41 26 10 10 10 10 10 10 10 10 10 10 10 10 10 10 10 10 10 10 10 10 10 10 10 10 10 10 10 40 15 15 15 15 40
40 15 15 15 15 40 41 41 41 41 26 41 41 41 41 26 41 41 41 41 26 26 26 10 10 10 10 10 10 10 10 10 10 10 10 10 10 10 10 10 10 10 10 10 10 10 10 10 10 10 10 10 10 10 10 10 10 10 10 41 41 41 41 26 41 41 41 41 41 26 10 10 10 10 10 10 10 10 10 10 10 10 10 10 10 10 10 10 10 10 10 10 10 10 10 10 10 40 15 15 15 15 40
40 15 15 15 15 40 41 41 41 10 13 41 41 41 41 26 41 41 41 41 26 26 26 26 26 26 26 26 26 26 26 26 26 26 26 26 26 26 26 26 26 26 26 26 26 26 26 26 26 26 26 26 26 26 26 26 26 26 41 41 41 41 26 41 41 41 41 26 26 10 41 10 10 10 10 10 10 10 10 10 10 10 10 10 10 10 10 10 10 10 10 10 10 10 10 10 10 40 15 15 15 15 40
40 15 15 15 15 40 41 41 41 13 42 13 41 41 41 26 41 41 41 41 26 26 26 26 26 26 26 26 26 26 41 41 41 41 41 41 41 41 10 10 41 10 10 10 10 10 10 10 10 10 10 10 10 10 10 26 10 26 10 41 41 41 26 41 41 41 41 41 26 26 26 10 10 10 10 10 10 10 10 10 10 10 10 10 10 10 10 10 10 10 10 10 10 10 10 10 10 40 15 15 15 15 40
40 15 15 15 15 40 41 41 41 10 26 41 41 10 10 10 10 10 10 10 26 26 26 26 26 26 26 26 26 26 41 41 41 41 41 41 41 41 10 10 41 10 10 10 10 10 10 10 10 10 10 10 10 10 10 26 10 26 26 41 41 26 10 10 10 10 10 10 26 26 10 10 10 10 10 10 10 10 10 10 10 10 10 10 10 10 10 10 10 10 10 10 10 10 10 10 10 40 15 15 15 15 40
40 15 15 15 15 40 41 41 41 26 26 10 10 10 41 41 41 41 41 41 26 26 26 26 26 26 26 26 26 26 41 41 41 41 41 41 41 41 10 10 41 41 41 41 41 41 41 41 41 41 10 10 10 10 10 26 26 26 26 26 26 26 41 41 41 41 41 41 26 26 10 10 10 10 10 10 10 10 10 10 10 10 10 10 10 10 10 10 10 10 10 10 10 10 10 10 10 40 15 15 15 15 40
40 15 15 15 15 40 41 41 41 26 41 41 41 10 41 41 41 41 41 41 26 26 26 26 26 26 26 26 26 26 41 41 41 10 10 10 10 10 10 10 41 41 41 41 41 41 41 41 41 41 10 10 10 10 10 26 10 10 10 41 41 26 26 26 26 26 26 26 26 26 26 26 26 26 30 30 30 30 30 10 10 10 10 10 10 10 10 10 10 10 10 10 10 10 10 10 10 40 15 15 15 15 40
40 15 15 15 15 40 41 41 41 26 41 41 41 10 41 41 41 41 41 41 26 26 26 26 26 26 26 26 26 26 41 41 41 41 41 41 41 41 41 41 41 41 41 41 41 41 41 41 41 41 10 10 10 10 10 26 10 10 10 41 41 41 10 41 41 41 41 41 41 26 26 26 26 26 26 26 30 30 30 30 30 10 10 10 10 10 10 10 10 10 10 10 10 10 10 10 10 40 15 15 15 15 40
40 15 15 15 15 40 41 41 41 26 41 41 41 10 41 41 41 41 41 41 26 26 26 26 26 26 26 26 26 26 41 41 41 41 41 41 41 41 41 41 41 41 41 41 41 41 41 41 41 41 10 10 10 10 10 26 10 10 10 41 41 41 10 41 41 41 41 41 41 26 26 26 26 26 26 30 30 30 30 30 10 10 10 10 10 10 10 10 10 10 10 10 10 10 10 10 10 40 15 15 15 15 40
40 15 15 15 15 40 41 41 41 26 41 41 41 10 10 10 10 41 41 41 26 26 26 26 26 26 26 26 26 26 41 41 41 41 41 41 41 41 41 41 41 41 41 41 41 41 41 41 41 41 10 10 10 10 10 26 10 10 10 41 41 41 10 10 10 10 41 41 41 26 26 26 26 26 26 30 30 30 30 30 10 10 10 10 10 10 10 10 10 10 10 10 10 10 10 10 10 40 15 15 15 15 40
40 15 15 15 15 40 41 41 41 26 41 41 41 41 41 41 10 41 41 41 26 26 26 26 26 26 26 26 26 26 41 41 41 41 41 41 41 41 10 10 10 10 10 41 41 41 41 41 41 41 10 10 10 10 10 26 10 10 10 41 41 41 41 41 41 10 41 41 41 26 26 26 10 10 10 10 10 10 10 10 10 10 10 10 10 10 10 10 10 10 10 10 10 10 10 10 10 40 15 15 15 15 40
40 15 15 15 15 40 41 41 41 26 41 41 41 41 41 41 10 10 41 41 26 26 26 26 26 26 26 26 26 26 41 41 41 41 41 41 41 41 10 10 10 10 10 41 41 41 41 41 41 41 10 10 10 10 10 26 10 10 10 41 41 41 13 41 41 41 41 41 41 41 41 26 26 10 10 10 10 10 10 10 10 10 10 10 10 10 10 10 10 10 10 10 10 10 10 10 10 40 15 15 15 15 40
40 15 15 15 15 40 41 41 41 26 41 41 41 41 41 41 41 10 10 41 26 26 26 26 26 26 26 26 26 26 10 10 10 10 10 10 10 10 10 10 10 10 10 10 10 10 10 10 10 10 10 10 10 10 10 26 10 10 10 10 10 41 41 41 41 41 41 41 10 10 41 26 26 10 10 10 10 10 10 10 10 10 10 10 10 10 10 10 10 10 10 10 10 10 10 10 10 40 15 15 15 15 40
40 15 15 15 15 40 41 41 41 26 41 41 41 41 41 41 41 41 10 10 26 26 26 26 26 26 26 26 26 26 41 41 41 41 41 41 41 41 41 41 41 41 41 41 41 41 41 41 41 41 10 10 10 10 10 26 10 10 10 10 10 10 10 41 41 41 10 41 41 10 10 26 26 26 26 10 30 30 30 30 10 10 10 10 10 10 10 10 10 10 10 10 10 10 10 10 10 40 15 15 15 15 40
40 15 15 15 15 40 41 41 41 26 41 41 41 41 41 41 41 41 10 41 26 26 26 26 26 26 26 26 26 26 41 41 41 41 41 41 41 41 41 41 41 41 41 41 41 41 41 41 41 41 10 10 10 10 10 26 10 10 10 10 41 41 10 10 41 41 41 41 41 10 41 41 41 26 26 41 30 30 30 30 10 10 10 10 10 10 10 10 10 10 10 10 10 10 10 10 10 40 15 15 15 15 40
40 15 15 15 15 40 41 41 41 26 41 41 41 41 41 41 41 41 10 41 26 26 26 26 26 26 26 26 26 26 41 41 41 41 41 41 41 41 41 41 41 41 41 41 41 41 41 41 41 41 10 10 10 10 10 26 10 10 10 10 41 41 41 10 10 41 41 41 10 10 41 41 41 26 26 41 30 30 30 30 10 10 10 10 10 10 10 10 10 10 10 10 10 10 10 10 10 40 15 15 15 15 40
40 15 15 15 15 40 41 41 41 26 41 41 41 41 41 41 41 10 10 41 26 26 26 26 26 26 26 26 26 26 41 41 41 41 41 41 41 41 41 41 41 41 41 41 41 41 41 41 41 41 10 10 10 10 10 26 10 41 41 41 41 41 41 41 10 41 41 10 10 41 41 26 26 26 41 10 30 30 30 30 10 10 10 10 10 10 10 10 10 10 10 10 10 10 10 10 10 40 15 15 15 15 40
40 15 15 15 15 40 41 41 41 26 41 41 10 10 10 10 10 10 41 41 26 26 26 26 26 26 26 26 26 26 41 41 41 41 41 41 41 41 41 41 41 41 41 41 41 41 41 41 41 10 10 10 10 10 10 26 10 10 10 10 41 41 41 41 10 10 10 10 41 26 26 41 41 41 30 10 30 30 30 10 10 10 10 10 10 10 10 10 10 10 10 10 10 10 10 10 10 40 15 15 15 15 40
40 15 15 15 15 40 41 41 41 26 41 10 10 41 41 41 41 41 41 41 26 26 26 26 26 26 26 26 26 26 41 41 41 41 41 41 41 41 41 41 41 41 41 41 41 41 41 41 41 41 10 10 10 10 10 26 10 10 10 10 41 41 41 41 41 41 10 41 41 41 41 41 41 26 26 41 30 30 30 30 10 10 10 10 10 10 10 10 10 10 10 10 10 10 10 10 10 40 15 15 15 15 40
40 15 15 15 15 40 41 41 41 26 10 10 41 41 41 41 41 41 41 41 26 26 26 26 26 26 26 26 26 26 41 41 41 41 41 41 41 41 41 41 41 41 41 41 41 41 41 41 41 41 10 10 10 10 10 26 10 10 10 10 41 41 10 41 41 41 10 41 41 41 41 41 41 26 26 41 30 30 30 30 10 10 10 10 10 10 10 10 10 10 10 10 10 10 10 10 10 40 15 15 15 15 40
40 15 15 15 15 40 41 41 41 26 10 41 10 10 41 41 41 41 41 41 26 26 26 26 26 26 26 26 26 26 41 41 41 41 41 41 41 41 41 41 41 41 41 41 41 41 41 41 41 41 10 10 10 10 10 26 10 10 10 10 41 41 41 41 41 41 10 41 41 41 10 41 41 26 26 41 30 30 30 30 10 10 10 10 10 10 10 10 10 10 10 10 10 10 10 10 10 40 15 15 15 15 40
40 15 15 15 15 40 41 41 41 26 10 41 10 10 10 41 41 41 41 41 26 26 26 26 26 26 26 26 26 26 41 41 41 41 41 41 41 41 41 41 41 41 41 41 41 41 41 41 41 41 10 10 10 10 10 26 10 10 10 10 41 41 41 41 41 41 10 41 41 41 41 41 41 26 26 41 30 30 30 30 10 10 10 10 10 10 10 10 10 10 10 10 10 10 10 10 10 40 15 15 15 15 40
40 15 15 15 15 40 41 41 41 26 10 10 10 41 10 10 41 41 41 41 26 26 26 26 26 26 26 26 26 26 41 41 41 41 41 41 41 41 41 41 41 41 41 41 41 41 41 41 41 41 10 10 10 10 10 26 10 10 10 10 10 41 10 10 41 10 10 10 10 10 26 26 26 26 26 10 30 30 30 30 10 10 10 10 10 10 10 10 10 10 10 10 10 10 10 10 10 40 15 15 15 15 40
40 15 15 15 15 40 41 41 41 26 10 41 41 41 41 10 10 41 41 41 26 26 26 26 26 26 26 26 26 26 41 41 41 41 41 41 41 41 41 41 41 41 41 41 41 41 41 41 41 41 10 10 10 10 10 26 10 10 10 10 41 41 41 41 41 41 41 10 41 41 41 41 41 26 26 41 30 30 30 30 10 10 10 10 10 10 10 10 10 10 10 10 10 10 10 10 10 40 15 15 15 15 40
40 15 15 15 15 40 41 41 41 26 10 41 41 41 41 41 10 10 41 41 26 26 26 26 26 26 26 26 26 26 41 41 41 41 41 41 41 41 41 41 41 41 41 41 41 41 41 41 41 41 10 10 10 10 10 26 10 10 10 10 41 10 10 10 10 10 10 10 10 10 41 26 26 26 26 10 30 30 30 30 10 10 10 10 10 10 10 10 10 10 10 10 10 10 10 10 10 40 15 15 15 15 40
40 15 15 15 15 40 41 41 41 26 10 41 41 41 41 41 41 10 10 41 26 26 26 26 26 26 26 26 26 26 41 41 41 41 41 41 41 41 41 41 41 41 41 41 41 41 41 41 41 41 10 10 10 10 10 26 10 10 10 10 41 13 13 41 13 13 10 10 10 13 13 41 41 26 26 41 30 30 30 30 10 10 10 10 10 10 10 10 10 10 10 10 10 10 10 10 10 40 15 15 15 15 40
40 15 15 15 15 40 41 41 41 26 10 41 41 41 41 10 10 10 10 10 26 26 26 26 26 26 26 26 26 26 41 41 41 41 41 41 41 41 41 41 41 41 41 41 41 41 41 41 41 41 10 10 10 10 10 26 10 10 10 10 41 13 13 41 13 13 10 10 10 13 13 41 41 26 26 41 30 30 30 30 10 10 10 10 10 10 10 10 10 10 10 10 10 10 10 10 10 40 15 15 15 15 40
40 15 15 15 15 40 41 41 41 26 10 41 41 41 41 10 41 41 41 10 26 26 26 26 26 26 26 26 26 26 41 41 41 41 41 41 41 41 41 41 41 41 41 41 41 41 41 41 41 41 10 10 10 10 10 26 10 10 10 10 41 13 13 41 13 13 10 10 10 13 13 41 41 26 26 41 30 30 30 30 10 10 10 10 10 10 10 10 10 10 10 10 10 10 10 10 10 40 15 15 15 15 40
40 15 15 15 15 40 41 41 41 26 41 41 41 41 41 10 41 41 41 41 26 26 26 26 26 26 26 26 26 26 41 41 41 41 41 41 41 41 41 41 41 41 41 41 41 41 41 41 41 41 10 10 10 10 10 26 10 10 10 10 41 13 13 41 13 13 10 10 10 13 13 41 41 26 26 41 30 30 30 30 10 10 10 10 10 10 10 10 10 10 10 10 10 10 10 10 10 40 15 15 15 15 40
40 15 15 15 15 40 41 41 41 26 41 41 41 41 41 10 41 41 41 41 26 26 26 26 26 26 26 26 26 26 41 41 41 41 41 41 41 41 41 41 41 41 41 41 41 41 41 41 41 41 10 10 10 10 10 26 10 10 10 10 41 13 13 41 13 13 10 10 10 13 13 41 41 26 26 41 30 30 30 30 10 10 10 10 10 10 10 10 10 10 10 10 10 10 10 10 10 40 15 15 15 15 40
40 15 15 15 15 40 41 41 41 26 10 10 10 10 10 10 41 41 41 41 26 26 26 26 26 26 26 26 26 26 41 41 41 41 41 41 41 41 41 41 41 41 41 41 41 41 41 41 41 41 10 10 10 10 10 26 10 10 10 10 41 13 13 41 13 13 10 10 10 13 13 41 41 26 26 41 30 30 30 30 10 10 10 10 10 10 10 10 10 10 10 10 10 10 10 10 10 40 15 15 15 15 40
40 15 15 15 15 40 41 41 41 26 41 41 41 10 10 41 41 41 41 41 26 26 26 26 26 26 26 26 26 26 41 41 41 41 41 41 41 41 41 41 41 41 41 41 41 41 41 41 41 10 26 26 26 26 26 26 26 26 26 26 41 13 13 41 13 13 10 42 10 13 13 41 41 26 26 41 30 30 30 10 10 10 10 10 10 10 10 10 10 10 10 10 10 10 10 10 10 40 15 15 15 15 40
40 15 15 15 15 40 41 41 41 26 41 41 41 41 10 41 41 41 41 41 26 26 26 26 26 26 26 26 26 26 41 41 41 41 41 41 41 41 41 41 41 41 41 41 41 41 41 41 41 41 26 26 26 26 26 26 26 26 26 26 41 13 13 41 13 13 13 13 13 13 13 41 41 26 26 41 30 30 30 30 10 10 10 10 10 10 10 10 10 10 10 10 10 10 10 10 10 40 15 15 15 15 40
40 15 15 15 15 40 41 41 41 26 41 41 41 41 10 10 41 41 41 41 26 26 26 26 26 26 26 26 26 26 41 41 41 41 41 41 41 41 41 41 41 41 41 41 41 41 41 41 41 41 26 26 26 26 26 26 26 26 26 26 41 41 41 41 41 41 41 10 41 41 41 41 41 26 26 41 30 30 30 30 10 10 10 10 10 10 10 10 10 10 10 10 10 10 10 10 10 40 15 15 15 15 40
40 15 15 15 15 40 41 41 41 26 41 41 41 41 41 10 41 41 41 41 26 26 26 26 26 26 26 26 26 26 41 41 41 41 41 41 41 41 41 41 41 41 41 41 41 41 41 41 41 41 26 26 26 26 26 26 26 26 26 26 41 41 41 41 41 41 41 10 41 41 41 41 41 26 26 41 30 30 30 30 10 10 10 10 10 10 10 10 10 10 10 10 10 10 10 10 10 40 15 15 15 15 40
40 15 15 15 15 40 41 41 41 26 41 41 41 41 41 10 10 41 41 41 26 26 26 26 26 26 26 26 26 26 41 41 41 41 41 41 41 41 41 41 41 41 41 41 41 41 41 41 41 41 26 26 26 26 26 26 26 26 26 26 41 41 41 41 41 41 41 10 10 41 41 41 41 26 26 41 30 30 30 30 10 10 10 10 10 10 10 10 10 10 10 10 10 10 10 10 10 40 15 15 15 15 40
40 15 15 15 15 40 41 41 41 26 41 41 41 41 41 41 10 41 41 41 26 26 26 26 26 26 26 26 26 26 41 41 41 41 41 41 41 41 41 41 41 41 41 41 41 41 41 41 41 41 26 26 26 26 26 26 26 26 26 26 10 10 41 41 41 41 41 41 10 10 10 41 41 26 26 30 30 30 30 30 10 10 10 10 10 10 10 10 10 10 10 10 10 10 10 10 10 40 15 15 15 15 40
40 15 15 15 15 40 41 41 41 26 41 41 41 41 41 41 10 41 41 41 26 26 26 26 26 26 26 26 26 26 41 41 41 41 41 41 41 41 41 41 41 41 41 41 41 41 41 41 41 41 26 26 26 26 26 26 26 26 26 26 10 10 41 41 41 41 41 41 41 10 10 41 26 26 26 30 30 30 30 30 10 10 10 10 10 10 10 10 10 10 10 10 10 10 10 10 10 40 15 15 15 15 40
40 15 15 15 15 40 41 41 41 26 41 41 41 41 41 41 10 10 10 41 26 26 26 26 26 26 26 26 26 26 41 41 41 41 41 41 41 41 41 41 41 41 41 41 41 41 41 41 41 41 26 26 26 26 26 26 26 26 26 26 10 10 10 41 41 41 41 41 41 10 10 41 26 26 26 30 30 30 30 30 10 10 10 10 10 10 10 10 10 10 10 10 10 10 10 10 10 40 15 15 15 15 40
40 15 15 15 15 40 41 41 41 26 41 41 41 41 41 41 41 41 10 41 26 26 26 26 26 26 26 26 26 26 41 41 41 41 41 41 41 41 41 41 41 41 41 41 41 41 41 41 41 41 26 26 26 26 26 26 26 26 26 26 10 10 10 10 10 41 41 41 10 10 41 41 10 10 41 26 30 30 30 30 10 10 10 10 10 10 10 10 10 10 10 10 10 10 10 10 10 40 15 15 15 15 40
40 15 15 15 15 40 41 41 41 26 41 41 41 41 41 41 41 41 10 10 26 26 26 26 26 26 26 26 26 26 41 41 41 41 41 41 41 41 41 41 41 41 41 41 41 41 41 41 41 41 26 26 26 26 26 26 26 26 26 26 10 10 10 10 10 10 10 41 10 41 41 41 41 41 10 10 41 30 30 30 10 10 10 10 10 10 10 10 10 10 10 10 10 10 10 10 10 40 15 15 15 15 40
40 15 15 15 15 40 41 41 41 26 41 41 41 41 41 41 41 41 41 10 26 26 26 26 26 26 26 26 26 26 41 41 41 41 41 41 41 41 41 41 41 41 41 41 41 41 41 41 41 41 26 26 26 26 26 26 26 26 26 26 10 10 10 10 10 10 41 10 10 41 41 41 41 10 10 41 10 10 10 10 10 10 10 10 10 10 10 10 10 10 10 10 10 10 10 10 10 40 15 15 15 15 40
40 15 15 15 15 40 41 41 41 26 26 26 26 26 26 26 26 26 26 26 26 26 26 26 26 26 26 26 26 26 26 26 26 26 26 26 26 26 26 26 26 26 26 26 26 26 26 26 26 26 26 26 26 26 26 26 26 26 26 26 10 10 10 10 10 10 10 10 10 10 10 10 10 10 10 10 10 10 10 10 10 10 10 10 10 10 10 10 10 10 10 10 10 10 10 10 10 40 15 15 15 15 40
40 15 15 15 15 40 41 41 41 10 10 10 10 10 10 10 10 10 10 10 26 26 26 26 26 26 26 26 26 26 10 10 10 10 10 10 10 10 10 10 10 10 10 10 10 10 10 10 10 10 10 10 10 10 10 10 10 10 10 10 10 10 10 10 10 10 10 10 10 10 10 10 10 10 10 10 10 10 10 10 10 10 10 10 10 10 10 10 10 10 10 10 10 10 10 10 10 40 15 15 15 15 40
40 15 15 15 15 40 41 10 10 10 10 40 40 40 23 23 23 40 40 40 26 26 26 26 26 26 26 26 26 26 10 10 40 40 40 40 40 40 40 40 40 40 40 40 40 40 40 40 40 40 40 40 40 40 40 40 40 40 40 40 23 23 23 23 23 23 40 40 40 40 40 40 40 40 40 40 40 40 40 40 40 40 40 40 40 40 40 40 40 40 40 40 40 40 40 40 10 40 15 15 15 15 40
40 15 15 15 15 40 41 10 10 10 10 40 15 15 15 15 15 15 15 40 26 26 26 26 26 26 26 26 26 26 10 10 40 15 15 15 15 15 15 15 15 15 15 15 15 15 15 15 15 15 15 15 15 15 15 15 15 15 15 15 15 15 15 15 15 15 15 15 15 15 15 15 15 15 15 15 15 15 15 15 15 15 15 15 15 15 15 15 15 15 15 15 15 15 15 40 10 40 15 15 15 15 40
40 15 15 15 15 40 41 10 10 10 10 40 15 15 15 15 15 15 15 40 26 26 26 26 26 26 26 26 26 26 10 10 40 40 40 40 40 40 40 40 40 40 40 40 40 40 40 40 40 40 40 40 40 40 40 40 40 40 40 40 40 40 40 40 40 40 40 40 40 40 40 40 40 40 40 40 40 40 40 40 40 40 40 40 40 40 40 40 40 40 40 40 40 40 40 40 10 40 15 15 15 15 40
40 15 15 15 15 40 41 10 10 10 10 40 40 40 40 40 40 40 40 40 26 26 26 26 26 26 26 26 26 26 10 10 10 10 10 10 10 10 10 10 10 10 10 10 10 10 10 10 10 10 10 10 10 10 10 10 10 10 10 10 10 10 10 10 10 10 10 10 10 10 10 10 10 10 10 10 10 10 10 10 10 10 10 10 10 10 10 10 10 10 10 10 10 10 10 10 10 40 15 15 15 15 40
40 15 15 15 15 40 41 10 10 10 10 10 10 10 10 10 10 10 10 10 26 26 26 26 26 26 26 26 26 26 10 10 10 10 10 10 10 10 10 10 10 10 10 10 10 10 10 10 10 10 10 10 10 10 10 10 10 10 10 10 10 10 10 10 10 10 10 10 10 10 10 10 10 10 10 10 10 10 10 10 10 10 10 10 10 10 10 10 10 10 10 10 10 10 10 10 10 40 15 15 15 15 40
40 15 15 15 15 40 40 40 40 40 40 40 40 40 40 40 40 40 40 40 26 26 26 26 26 26 26 26 26 26 40 40 40 40 40 40 40 40 40 40 40 40 40 40 40 40 40 40 40 40 40 40 40 40 40 40 40 40 40 40 40 40 40 40 40 40 40 40 40 40 40 40 40 40 40 40 40 40 40 40 40 40 40 40 40 40 40 40 40 40 40 40 40 40 40 40 40 40 15 15 15 15 40
40 15 15 15 15 15 15 15 15 15 15 15 15 15 15 15 15 15 15 40 40 40 40 40 23 23 40 40 40 40 40 15 15 15 15 15 15 15 15 15 15 15 15 15 15 15 15 15 15 15 15 15 15 15 15 15 15 15 15 15 15 15 15 15 15 15 15 15 15 15 15 15 15 15 15 15 15 15 15 15 15 15 15 15 15 15 15 15 15 15 15 15 15 15 15 15 15 15 15 15 15 15 40
40 15 15 15 15 15 15 15 15 15 15 15 15 15 15 15 15 15 15 15 15 15 15 15 15 15 15 15 15 15 15 15 15 15 15 15 15 15 15 15 15 15 15 15 15 15 15 15 15 15 15 15 15 15 15 15 15 15 15 15 15 15 15 15 15 15 15 15 15 15 15 15 15 15 15 15 15 15 15 15 15 15 15 15 15 15 15 15 15 15 15 15 15 15 15 15 15 15 15 15 15 15 40
40 15 15 15 15 15 15 15 15 15 15 15 15 15 15 15 15 15 15 15 15 15 15 15 15 15 15 15 15 15 15 15 15 15 15 15 15 15 15 15 15 15 15 15 15 15 15 15 15 15 15 15 15 15 15 15 15 15 15 15 15 15 15 15 15 15 15 15 15 15 15 15 15 15 15 15 15 15 15 15 15 15 15 15 15 15 15 15 15 15 15 15 15 15 15 15 15 15 15 15 15 15 40
40 15 15 15 15 15 15 15 15 15 15 15 15 15 15 15 15 15 15 15 15 15 15 15 15 15 15 15 15 15 15 15 15 15 15 15 15 15 15 15 15 15 15 15 15 15 15 15 15 15 15 15 15 15 15 15 15 15 15 15 15 15 15 15 15 15 15 15 15 15 15 15 15 15 15 15 15 15 15 15 15 15 15 15 15 15 15 15 15 15 15 15 15 15 15 15 15 15 15 15 15 15 40
40 15 15 15 15 15 15 15 15 15 15 15 15 15 15 15 15 15 15 15 15 15 15 15 15 15 15 15 15 15 15 15 15 15 15 15 15 15 15 15 15 15 15 15 15 15 15 15 15 15 15 15 15 15 15 15 15 15 15 15 15 15 15 15 15 15 15 15 15 15 15 15 15 15 15 15 15 15 15 15 15 15 15 15 15 15 15 15 15 15 15 15 15 15 15 15 15 15 15 15 15 15 40
40 15 15 15 15 15 15 15 15 15 15 15 15 15 15 15 15 15 15 15 15 15 15 15 15 15 15 15 15 15 15 15 15 15 15 15 15 15 15 15 15 15 15 15 15 15 15 15 15 15 15 15 15 15 15 15 15 15 15 15 15 15 15 15 15 15 15 15 15 15 15 15 15 15 15 15 15 15 15 15 15 15 15 15 15 15 15 15 15 15 15 15 15 15 15 15 15 15 15 15 15 15 40
40 15 15 15 15 15 15 15 15 15 15 15 15 15 15 15 15 15 15 15 15 15 15 15 15 15 15 15 15 15 15 15 15 15 15 15 15 15 15 15 15 15 15 15 15 15 15 15 15 15 15 15 15 15 15 15 15 15 15 15 15 15 15 15 15 15 15 15 15 15 15 15 15 15 15 15 15 15 15 15 15 15 15 15 15 15 15 15 15 15 15 15 15 15 15 15 15 15 15 15 15 15 40
40 15 15 15 15 15 15 15 15 15 15 15 15 15 15 15 15 15 15 15 15 15 15 15 15 15 15 15 15 15 15 15 15 15 15 15 15 15 15 15 15 15 15 15 15 15 15 15 15 15 15 15 15 15 15 15 15 15 15 15 15 15 15 15 15 15 15 15 15 15 15 15 15 15 15 15 15 15 15 15 15 15 15 15 15 15 15 15 15 15 15 15 15 15 15 15 15 15 15 15 15 15 40
40 15 15 15 15 15 15 15 15 15 15 15 15 15 15 15 15 15 15 15 15 15 15 15 15 15 15 15 15 15 15 15 15 15 15 15 15 15 15 15 15 15 15 15 15 15 15 15 15 15 15 15 15 15 15 15 15 15 15 15 15 15 15 15 15 15 15 15 15 15 15 15 15 15 15 15 15 15 15 15 15 15 15 15 15 15 15 15 15 15 15 15 15 15 15 15 15 15 15 15 15 15 40
40 15 15 15 15 15 15 15 15 15 15 15 15 15 15 15 15 15 15 15 15 15 15 15 15 15 15 15 15 15 15 15 15 15 15 15 15 15 15 15 15 15 15 15 15 15 15 15 15 15 15 15 15 15 15 15 15 15 15 15 15 15 15 15 15 15 15 15 15 15 15 15 15 15 15 15 15 15 15 15 15 15 15 15 15 15 15 15 15 15 15 15 15 15 15 15 15 15 15 15 15 15 40
40 15 15 15 15 15 15 15 15 15 15 15 15 15 15 15 15 15 15 15 15 15 15 15 15 15 15 15 15 15 15 15 15 15 15 15 15 15 15 15 15 15 15 15 15 15 15 15 15 15 15 15 15 15 15 15 15 15 15 15 15 15 15 15 15 15 15 15 15 15 15 15 15 15 15 15 15 15 15 15 15 15 15 15 15 15 15 15 15 15 15 15 15 15 15 15 15 15 15 15 15 15 40
40 15 15 15 15 15 15 15 15 15 15 15 15 15 15 15 15 15 15 15 15 15 15 15 15 15 15 15 15 15 15 15 15 15 15 15 15 15 15 15 15 15 15 15 15 15 15 15 15 15 15 15 15 15 15 15 15 15 15 15 15 15 15 15 15 15 15 15 15 15 15 15 15 15 15 15 15 15 15 15 15 15 15 15 15 15 15 15 15 15 15 15 15 15 15 15 15 15 15 15 15 15 40
40 15 15 15 15 15 15 15 15 15 15 15 15 15 15 15 15 15 15 15 15 15 15 15 15 15 15 15 15 15 15 15 15 15 15 15 15 15 15 15 15 15 15 15 15 15 15 15 15 15 15 15 15 15 15 15 15 15 15 15 15 15 15 15 15 15 15 15 15 15 15 15 15 15 15 15 15 15 15 15 15 15 15 15 15 15 15 15 15 15 15 15 15 15 15 15 15 15 15 15 15 15 40
40 40 40 40 40 40 40 40 40 40 40 40 40 40 40 40 40 40 40 40 40 40 40 40 40 40 40 40 40 40 40 40 40 40 40 40 40 40 40 40 40 40 40 40 40 40 40 40 40 40 40 40 40 40 40 40 40 40 40 40 40 40 40 40 40 40 40 40 40 40 40 40 40 40 40 40 40 40 40 40 40 40 40 40 40 40 40 40 40 40 40 40 40 40 40 40 40 40 40 40 40 40 40
